fasttext    full        10%         ten         one
P:          0.669725    0.639785    0.718593    0.663366
R:          1.000000    0.815068    0.979452    0.458904
F1:         0.802198    0.716867    0.828986    0.542510


flair       ten         one         max_50
P:          0.4451      0.5714      0.5683
R:          0.5328      0.9927      0.9936
F1:         0.6160      0.7272      0.7230

svm         full      10%       ten       one
P:          0.92      0.85      0.90      0.88
R:          0.93      0.63      0.47      0.14
F1:         0.92      0.73      0.62      0.25

